version https://git-lfs.github.com/spec/v1
oid sha256:ab72e5aa1aa4dd353fb9e6de47791d4dfe74734fc2cc14c69ee91e88dfdb4436
size 2508361
